{
 "cells": [
  {
   "cell_type": "code",
   "execution_count": 248,
   "id": "08fff9c3",
   "metadata": {},
   "outputs": [],
   "source": [
    "import pandas as pd\n",
    "import numpy as np\n",
    "import seaborn as sns\n",
    "import matplotlib.pyplot as plt"
   ]
  },
  {
   "cell_type": "code",
   "execution_count": 249,
   "id": "c7f9f20e",
   "metadata": {},
   "outputs": [],
   "source": [
    "df = pd.read_excel(\"./Working/Evaluation_model.xlsx\")"
   ]
  },
  {
   "cell_type": "code",
   "execution_count": 250,
   "id": "05602966",
   "metadata": {},
   "outputs": [],
   "source": [
    "df = df[df.columns[1:]]"
   ]
  },
  {
   "cell_type": "code",
   "execution_count": 251,
   "id": "3b2e291f",
   "metadata": {},
   "outputs": [
    {
     "data": {
      "text/html": [
       "<div>\n",
       "<style scoped>\n",
       "    .dataframe tbody tr th:only-of-type {\n",
       "        vertical-align: middle;\n",
       "    }\n",
       "\n",
       "    .dataframe tbody tr th {\n",
       "        vertical-align: top;\n",
       "    }\n",
       "\n",
       "    .dataframe thead th {\n",
       "        text-align: right;\n",
       "    }\n",
       "</style>\n",
       "<table border=\"1\" class=\"dataframe\">\n",
       "  <thead>\n",
       "    <tr style=\"text-align: right;\">\n",
       "      <th></th>\n",
       "      <th>backbone</th>\n",
       "      <th>model</th>\n",
       "      <th>Time_training</th>\n",
       "      <th>loss</th>\n",
       "      <th>Iou_score</th>\n",
       "      <th>F1_score</th>\n",
       "    </tr>\n",
       "  </thead>\n",
       "  <tbody>\n",
       "    <tr>\n",
       "      <th>0</th>\n",
       "      <td>mobilenetv2</td>\n",
       "      <td>Linknet</td>\n",
       "      <td>2178.946642</td>\n",
       "      <td>0.465985</td>\n",
       "      <td>0.509271</td>\n",
       "      <td>0.58436</td>\n",
       "    </tr>\n",
       "    <tr>\n",
       "      <th>1</th>\n",
       "      <td>efficientnetb3</td>\n",
       "      <td>Linknet</td>\n",
       "      <td>3015.350176</td>\n",
       "      <td>0.447298</td>\n",
       "      <td>0.521443</td>\n",
       "      <td>0.59888</td>\n",
       "    </tr>\n",
       "    <tr>\n",
       "      <th>2</th>\n",
       "      <td>inceptionv3</td>\n",
       "      <td>Linknet</td>\n",
       "      <td>2318.630428</td>\n",
       "      <td>0.455518</td>\n",
       "      <td>0.515724</td>\n",
       "      <td>0.58985</td>\n",
       "    </tr>\n",
       "    <tr>\n",
       "      <th>3</th>\n",
       "      <td>resnet50</td>\n",
       "      <td>Linknet</td>\n",
       "      <td>2392.091974</td>\n",
       "      <td>0.442126</td>\n",
       "      <td>0.526585</td>\n",
       "      <td>0.60407</td>\n",
       "    </tr>\n",
       "    <tr>\n",
       "      <th>4</th>\n",
       "      <td>vgg16</td>\n",
       "      <td>Linknet</td>\n",
       "      <td>3602.742987</td>\n",
       "      <td>0.486155</td>\n",
       "      <td>0.494493</td>\n",
       "      <td>0.56666</td>\n",
       "    </tr>\n",
       "    <tr>\n",
       "      <th>5</th>\n",
       "      <td>resnet50</td>\n",
       "      <td>FPN</td>\n",
       "      <td>5574.922504</td>\n",
       "      <td>0.429762</td>\n",
       "      <td>0.536333</td>\n",
       "      <td>0.61278</td>\n",
       "    </tr>\n",
       "    <tr>\n",
       "      <th>6</th>\n",
       "      <td>vgg16</td>\n",
       "      <td>FPN</td>\n",
       "      <td>4756.101279</td>\n",
       "      <td>0.424975</td>\n",
       "      <td>0.544290</td>\n",
       "      <td>0.62030</td>\n",
       "    </tr>\n",
       "    <tr>\n",
       "      <th>7</th>\n",
       "      <td>vgg16</td>\n",
       "      <td>Unet</td>\n",
       "      <td>4716.292528</td>\n",
       "      <td>0.450795</td>\n",
       "      <td>0.524129</td>\n",
       "      <td>0.60033</td>\n",
       "    </tr>\n",
       "    <tr>\n",
       "      <th>8</th>\n",
       "      <td>resnet50</td>\n",
       "      <td>Unet</td>\n",
       "      <td>2754.380667</td>\n",
       "      <td>0.436002</td>\n",
       "      <td>0.532806</td>\n",
       "      <td>0.61009</td>\n",
       "    </tr>\n",
       "    <tr>\n",
       "      <th>9</th>\n",
       "      <td>mobilenetv2</td>\n",
       "      <td>Unet</td>\n",
       "      <td>2111.109734</td>\n",
       "      <td>0.441323</td>\n",
       "      <td>0.526182</td>\n",
       "      <td>0.60400</td>\n",
       "    </tr>\n",
       "    <tr>\n",
       "      <th>10</th>\n",
       "      <td>mobilenetv2</td>\n",
       "      <td>FPN</td>\n",
       "      <td>3336.091649</td>\n",
       "      <td>0.434233</td>\n",
       "      <td>0.532188</td>\n",
       "      <td>0.60894</td>\n",
       "    </tr>\n",
       "    <tr>\n",
       "      <th>11</th>\n",
       "      <td>inceptionv3</td>\n",
       "      <td>FPN</td>\n",
       "      <td>4416.651027</td>\n",
       "      <td>0.433190</td>\n",
       "      <td>0.534531</td>\n",
       "      <td>0.60840</td>\n",
       "    </tr>\n",
       "    <tr>\n",
       "      <th>12</th>\n",
       "      <td>efficientnetb3</td>\n",
       "      <td>Unet</td>\n",
       "      <td>3795.621106</td>\n",
       "      <td>0.429767</td>\n",
       "      <td>0.537205</td>\n",
       "      <td>0.61505</td>\n",
       "    </tr>\n",
       "    <tr>\n",
       "      <th>13</th>\n",
       "      <td>efficientnetb3</td>\n",
       "      <td>FPN</td>\n",
       "      <td>5052.327916</td>\n",
       "      <td>0.428663</td>\n",
       "      <td>0.537585</td>\n",
       "      <td>0.61721</td>\n",
       "    </tr>\n",
       "    <tr>\n",
       "      <th>14</th>\n",
       "      <td>inceptionv3</td>\n",
       "      <td>Unet</td>\n",
       "      <td>8913.769664</td>\n",
       "      <td>0.443069</td>\n",
       "      <td>0.527323</td>\n",
       "      <td>0.60329</td>\n",
       "    </tr>\n",
       "  </tbody>\n",
       "</table>\n",
       "</div>"
      ],
      "text/plain": [
       "          backbone    model  Time_training      loss  Iou_score  F1_score\n",
       "0      mobilenetv2  Linknet    2178.946642  0.465985   0.509271   0.58436\n",
       "1   efficientnetb3  Linknet    3015.350176  0.447298   0.521443   0.59888\n",
       "2      inceptionv3  Linknet    2318.630428  0.455518   0.515724   0.58985\n",
       "3         resnet50  Linknet    2392.091974  0.442126   0.526585   0.60407\n",
       "4            vgg16  Linknet    3602.742987  0.486155   0.494493   0.56666\n",
       "5         resnet50      FPN    5574.922504  0.429762   0.536333   0.61278\n",
       "6            vgg16      FPN    4756.101279  0.424975   0.544290   0.62030\n",
       "7            vgg16     Unet    4716.292528  0.450795   0.524129   0.60033\n",
       "8         resnet50     Unet    2754.380667  0.436002   0.532806   0.61009\n",
       "9      mobilenetv2     Unet    2111.109734  0.441323   0.526182   0.60400\n",
       "10     mobilenetv2      FPN    3336.091649  0.434233   0.532188   0.60894\n",
       "11     inceptionv3      FPN    4416.651027  0.433190   0.534531   0.60840\n",
       "12  efficientnetb3     Unet    3795.621106  0.429767   0.537205   0.61505\n",
       "13  efficientnetb3      FPN    5052.327916  0.428663   0.537585   0.61721\n",
       "14     inceptionv3     Unet    8913.769664  0.443069   0.527323   0.60329"
      ]
     },
     "execution_count": 251,
     "metadata": {},
     "output_type": "execute_result"
    }
   ],
   "source": [
    "df"
   ]
  },
  {
   "cell_type": "code",
   "execution_count": 252,
   "id": "93bfed4e",
   "metadata": {},
   "outputs": [
    {
     "data": {
      "text/html": [
       "<div>\n",
       "<style scoped>\n",
       "    .dataframe tbody tr th:only-of-type {\n",
       "        vertical-align: middle;\n",
       "    }\n",
       "\n",
       "    .dataframe tbody tr th {\n",
       "        vertical-align: top;\n",
       "    }\n",
       "\n",
       "    .dataframe thead th {\n",
       "        text-align: right;\n",
       "    }\n",
       "</style>\n",
       "<table border=\"1\" class=\"dataframe\">\n",
       "  <thead>\n",
       "    <tr style=\"text-align: right;\">\n",
       "      <th></th>\n",
       "      <th>backbone</th>\n",
       "      <th>model</th>\n",
       "      <th>Time_training</th>\n",
       "      <th>loss</th>\n",
       "      <th>Iou_score</th>\n",
       "      <th>F1_score</th>\n",
       "    </tr>\n",
       "  </thead>\n",
       "  <tbody>\n",
       "    <tr>\n",
       "      <th>6</th>\n",
       "      <td>vgg16</td>\n",
       "      <td>FPN</td>\n",
       "      <td>4756.101279</td>\n",
       "      <td>0.424975</td>\n",
       "      <td>0.544290</td>\n",
       "      <td>0.62030</td>\n",
       "    </tr>\n",
       "    <tr>\n",
       "      <th>13</th>\n",
       "      <td>efficientnetb3</td>\n",
       "      <td>FPN</td>\n",
       "      <td>5052.327916</td>\n",
       "      <td>0.428663</td>\n",
       "      <td>0.537585</td>\n",
       "      <td>0.61721</td>\n",
       "    </tr>\n",
       "    <tr>\n",
       "      <th>12</th>\n",
       "      <td>efficientnetb3</td>\n",
       "      <td>Unet</td>\n",
       "      <td>3795.621106</td>\n",
       "      <td>0.429767</td>\n",
       "      <td>0.537205</td>\n",
       "      <td>0.61505</td>\n",
       "    </tr>\n",
       "    <tr>\n",
       "      <th>5</th>\n",
       "      <td>resnet50</td>\n",
       "      <td>FPN</td>\n",
       "      <td>5574.922504</td>\n",
       "      <td>0.429762</td>\n",
       "      <td>0.536333</td>\n",
       "      <td>0.61278</td>\n",
       "    </tr>\n",
       "    <tr>\n",
       "      <th>11</th>\n",
       "      <td>inceptionv3</td>\n",
       "      <td>FPN</td>\n",
       "      <td>4416.651027</td>\n",
       "      <td>0.433190</td>\n",
       "      <td>0.534531</td>\n",
       "      <td>0.60840</td>\n",
       "    </tr>\n",
       "    <tr>\n",
       "      <th>8</th>\n",
       "      <td>resnet50</td>\n",
       "      <td>Unet</td>\n",
       "      <td>2754.380667</td>\n",
       "      <td>0.436002</td>\n",
       "      <td>0.532806</td>\n",
       "      <td>0.61009</td>\n",
       "    </tr>\n",
       "    <tr>\n",
       "      <th>10</th>\n",
       "      <td>mobilenetv2</td>\n",
       "      <td>FPN</td>\n",
       "      <td>3336.091649</td>\n",
       "      <td>0.434233</td>\n",
       "      <td>0.532188</td>\n",
       "      <td>0.60894</td>\n",
       "    </tr>\n",
       "    <tr>\n",
       "      <th>14</th>\n",
       "      <td>inceptionv3</td>\n",
       "      <td>Unet</td>\n",
       "      <td>8913.769664</td>\n",
       "      <td>0.443069</td>\n",
       "      <td>0.527323</td>\n",
       "      <td>0.60329</td>\n",
       "    </tr>\n",
       "    <tr>\n",
       "      <th>3</th>\n",
       "      <td>resnet50</td>\n",
       "      <td>Linknet</td>\n",
       "      <td>2392.091974</td>\n",
       "      <td>0.442126</td>\n",
       "      <td>0.526585</td>\n",
       "      <td>0.60407</td>\n",
       "    </tr>\n",
       "    <tr>\n",
       "      <th>9</th>\n",
       "      <td>mobilenetv2</td>\n",
       "      <td>Unet</td>\n",
       "      <td>2111.109734</td>\n",
       "      <td>0.441323</td>\n",
       "      <td>0.526182</td>\n",
       "      <td>0.60400</td>\n",
       "    </tr>\n",
       "    <tr>\n",
       "      <th>7</th>\n",
       "      <td>vgg16</td>\n",
       "      <td>Unet</td>\n",
       "      <td>4716.292528</td>\n",
       "      <td>0.450795</td>\n",
       "      <td>0.524129</td>\n",
       "      <td>0.60033</td>\n",
       "    </tr>\n",
       "    <tr>\n",
       "      <th>1</th>\n",
       "      <td>efficientnetb3</td>\n",
       "      <td>Linknet</td>\n",
       "      <td>3015.350176</td>\n",
       "      <td>0.447298</td>\n",
       "      <td>0.521443</td>\n",
       "      <td>0.59888</td>\n",
       "    </tr>\n",
       "    <tr>\n",
       "      <th>2</th>\n",
       "      <td>inceptionv3</td>\n",
       "      <td>Linknet</td>\n",
       "      <td>2318.630428</td>\n",
       "      <td>0.455518</td>\n",
       "      <td>0.515724</td>\n",
       "      <td>0.58985</td>\n",
       "    </tr>\n",
       "    <tr>\n",
       "      <th>0</th>\n",
       "      <td>mobilenetv2</td>\n",
       "      <td>Linknet</td>\n",
       "      <td>2178.946642</td>\n",
       "      <td>0.465985</td>\n",
       "      <td>0.509271</td>\n",
       "      <td>0.58436</td>\n",
       "    </tr>\n",
       "    <tr>\n",
       "      <th>4</th>\n",
       "      <td>vgg16</td>\n",
       "      <td>Linknet</td>\n",
       "      <td>3602.742987</td>\n",
       "      <td>0.486155</td>\n",
       "      <td>0.494493</td>\n",
       "      <td>0.56666</td>\n",
       "    </tr>\n",
       "  </tbody>\n",
       "</table>\n",
       "</div>"
      ],
      "text/plain": [
       "          backbone    model  Time_training      loss  Iou_score  F1_score\n",
       "6            vgg16      FPN    4756.101279  0.424975   0.544290   0.62030\n",
       "13  efficientnetb3      FPN    5052.327916  0.428663   0.537585   0.61721\n",
       "12  efficientnetb3     Unet    3795.621106  0.429767   0.537205   0.61505\n",
       "5         resnet50      FPN    5574.922504  0.429762   0.536333   0.61278\n",
       "11     inceptionv3      FPN    4416.651027  0.433190   0.534531   0.60840\n",
       "8         resnet50     Unet    2754.380667  0.436002   0.532806   0.61009\n",
       "10     mobilenetv2      FPN    3336.091649  0.434233   0.532188   0.60894\n",
       "14     inceptionv3     Unet    8913.769664  0.443069   0.527323   0.60329\n",
       "3         resnet50  Linknet    2392.091974  0.442126   0.526585   0.60407\n",
       "9      mobilenetv2     Unet    2111.109734  0.441323   0.526182   0.60400\n",
       "7            vgg16     Unet    4716.292528  0.450795   0.524129   0.60033\n",
       "1   efficientnetb3  Linknet    3015.350176  0.447298   0.521443   0.59888\n",
       "2      inceptionv3  Linknet    2318.630428  0.455518   0.515724   0.58985\n",
       "0      mobilenetv2  Linknet    2178.946642  0.465985   0.509271   0.58436\n",
       "4            vgg16  Linknet    3602.742987  0.486155   0.494493   0.56666"
      ]
     },
     "execution_count": 252,
     "metadata": {},
     "output_type": "execute_result"
    }
   ],
   "source": [
    "df.sort_values('Iou_score',axis = 0,ascending=False)"
   ]
  },
  {
   "cell_type": "code",
   "execution_count": 253,
   "id": "20ce7d02",
   "metadata": {
    "scrolled": true
   },
   "outputs": [
    {
     "data": {
      "text/html": [
       "<div>\n",
       "<style scoped>\n",
       "    .dataframe tbody tr th:only-of-type {\n",
       "        vertical-align: middle;\n",
       "    }\n",
       "\n",
       "    .dataframe tbody tr th {\n",
       "        vertical-align: top;\n",
       "    }\n",
       "\n",
       "    .dataframe thead th {\n",
       "        text-align: right;\n",
       "    }\n",
       "</style>\n",
       "<table border=\"1\" class=\"dataframe\">\n",
       "  <thead>\n",
       "    <tr style=\"text-align: right;\">\n",
       "      <th></th>\n",
       "      <th>backbone</th>\n",
       "      <th>model</th>\n",
       "      <th>Time_training</th>\n",
       "      <th>loss</th>\n",
       "      <th>Iou_score</th>\n",
       "      <th>F1_score</th>\n",
       "    </tr>\n",
       "  </thead>\n",
       "  <tbody>\n",
       "    <tr>\n",
       "      <th>6</th>\n",
       "      <td>vgg16</td>\n",
       "      <td>FPN</td>\n",
       "      <td>4756.101279</td>\n",
       "      <td>0.424975</td>\n",
       "      <td>0.544290</td>\n",
       "      <td>0.62030</td>\n",
       "    </tr>\n",
       "    <tr>\n",
       "      <th>13</th>\n",
       "      <td>efficientnetb3</td>\n",
       "      <td>FPN</td>\n",
       "      <td>5052.327916</td>\n",
       "      <td>0.428663</td>\n",
       "      <td>0.537585</td>\n",
       "      <td>0.61721</td>\n",
       "    </tr>\n",
       "    <tr>\n",
       "      <th>12</th>\n",
       "      <td>efficientnetb3</td>\n",
       "      <td>Unet</td>\n",
       "      <td>3795.621106</td>\n",
       "      <td>0.429767</td>\n",
       "      <td>0.537205</td>\n",
       "      <td>0.61505</td>\n",
       "    </tr>\n",
       "    <tr>\n",
       "      <th>5</th>\n",
       "      <td>resnet50</td>\n",
       "      <td>FPN</td>\n",
       "      <td>5574.922504</td>\n",
       "      <td>0.429762</td>\n",
       "      <td>0.536333</td>\n",
       "      <td>0.61278</td>\n",
       "    </tr>\n",
       "    <tr>\n",
       "      <th>8</th>\n",
       "      <td>resnet50</td>\n",
       "      <td>Unet</td>\n",
       "      <td>2754.380667</td>\n",
       "      <td>0.436002</td>\n",
       "      <td>0.532806</td>\n",
       "      <td>0.61009</td>\n",
       "    </tr>\n",
       "    <tr>\n",
       "      <th>10</th>\n",
       "      <td>mobilenetv2</td>\n",
       "      <td>FPN</td>\n",
       "      <td>3336.091649</td>\n",
       "      <td>0.434233</td>\n",
       "      <td>0.532188</td>\n",
       "      <td>0.60894</td>\n",
       "    </tr>\n",
       "    <tr>\n",
       "      <th>11</th>\n",
       "      <td>inceptionv3</td>\n",
       "      <td>FPN</td>\n",
       "      <td>4416.651027</td>\n",
       "      <td>0.433190</td>\n",
       "      <td>0.534531</td>\n",
       "      <td>0.60840</td>\n",
       "    </tr>\n",
       "    <tr>\n",
       "      <th>3</th>\n",
       "      <td>resnet50</td>\n",
       "      <td>Linknet</td>\n",
       "      <td>2392.091974</td>\n",
       "      <td>0.442126</td>\n",
       "      <td>0.526585</td>\n",
       "      <td>0.60407</td>\n",
       "    </tr>\n",
       "    <tr>\n",
       "      <th>9</th>\n",
       "      <td>mobilenetv2</td>\n",
       "      <td>Unet</td>\n",
       "      <td>2111.109734</td>\n",
       "      <td>0.441323</td>\n",
       "      <td>0.526182</td>\n",
       "      <td>0.60400</td>\n",
       "    </tr>\n",
       "    <tr>\n",
       "      <th>14</th>\n",
       "      <td>inceptionv3</td>\n",
       "      <td>Unet</td>\n",
       "      <td>8913.769664</td>\n",
       "      <td>0.443069</td>\n",
       "      <td>0.527323</td>\n",
       "      <td>0.60329</td>\n",
       "    </tr>\n",
       "    <tr>\n",
       "      <th>7</th>\n",
       "      <td>vgg16</td>\n",
       "      <td>Unet</td>\n",
       "      <td>4716.292528</td>\n",
       "      <td>0.450795</td>\n",
       "      <td>0.524129</td>\n",
       "      <td>0.60033</td>\n",
       "    </tr>\n",
       "    <tr>\n",
       "      <th>1</th>\n",
       "      <td>efficientnetb3</td>\n",
       "      <td>Linknet</td>\n",
       "      <td>3015.350176</td>\n",
       "      <td>0.447298</td>\n",
       "      <td>0.521443</td>\n",
       "      <td>0.59888</td>\n",
       "    </tr>\n",
       "    <tr>\n",
       "      <th>2</th>\n",
       "      <td>inceptionv3</td>\n",
       "      <td>Linknet</td>\n",
       "      <td>2318.630428</td>\n",
       "      <td>0.455518</td>\n",
       "      <td>0.515724</td>\n",
       "      <td>0.58985</td>\n",
       "    </tr>\n",
       "    <tr>\n",
       "      <th>0</th>\n",
       "      <td>mobilenetv2</td>\n",
       "      <td>Linknet</td>\n",
       "      <td>2178.946642</td>\n",
       "      <td>0.465985</td>\n",
       "      <td>0.509271</td>\n",
       "      <td>0.58436</td>\n",
       "    </tr>\n",
       "    <tr>\n",
       "      <th>4</th>\n",
       "      <td>vgg16</td>\n",
       "      <td>Linknet</td>\n",
       "      <td>3602.742987</td>\n",
       "      <td>0.486155</td>\n",
       "      <td>0.494493</td>\n",
       "      <td>0.56666</td>\n",
       "    </tr>\n",
       "  </tbody>\n",
       "</table>\n",
       "</div>"
      ],
      "text/plain": [
       "          backbone    model  Time_training      loss  Iou_score  F1_score\n",
       "6            vgg16      FPN    4756.101279  0.424975   0.544290   0.62030\n",
       "13  efficientnetb3      FPN    5052.327916  0.428663   0.537585   0.61721\n",
       "12  efficientnetb3     Unet    3795.621106  0.429767   0.537205   0.61505\n",
       "5         resnet50      FPN    5574.922504  0.429762   0.536333   0.61278\n",
       "8         resnet50     Unet    2754.380667  0.436002   0.532806   0.61009\n",
       "10     mobilenetv2      FPN    3336.091649  0.434233   0.532188   0.60894\n",
       "11     inceptionv3      FPN    4416.651027  0.433190   0.534531   0.60840\n",
       "3         resnet50  Linknet    2392.091974  0.442126   0.526585   0.60407\n",
       "9      mobilenetv2     Unet    2111.109734  0.441323   0.526182   0.60400\n",
       "14     inceptionv3     Unet    8913.769664  0.443069   0.527323   0.60329\n",
       "7            vgg16     Unet    4716.292528  0.450795   0.524129   0.60033\n",
       "1   efficientnetb3  Linknet    3015.350176  0.447298   0.521443   0.59888\n",
       "2      inceptionv3  Linknet    2318.630428  0.455518   0.515724   0.58985\n",
       "0      mobilenetv2  Linknet    2178.946642  0.465985   0.509271   0.58436\n",
       "4            vgg16  Linknet    3602.742987  0.486155   0.494493   0.56666"
      ]
     },
     "execution_count": 253,
     "metadata": {},
     "output_type": "execute_result"
    }
   ],
   "source": [
    "df.sort_values('F1_score',axis = 0,ascending=False)"
   ]
  },
  {
   "cell_type": "code",
   "execution_count": 260,
   "id": "6c8cbb65",
   "metadata": {},
   "outputs": [
    {
     "data": {
      "text/html": [
       "<div>\n",
       "<style scoped>\n",
       "    .dataframe tbody tr th:only-of-type {\n",
       "        vertical-align: middle;\n",
       "    }\n",
       "\n",
       "    .dataframe tbody tr th {\n",
       "        vertical-align: top;\n",
       "    }\n",
       "\n",
       "    .dataframe thead th {\n",
       "        text-align: right;\n",
       "    }\n",
       "</style>\n",
       "<table border=\"1\" class=\"dataframe\">\n",
       "  <thead>\n",
       "    <tr style=\"text-align: right;\">\n",
       "      <th></th>\n",
       "      <th>backbone</th>\n",
       "      <th>model</th>\n",
       "      <th>Time_training</th>\n",
       "      <th>loss</th>\n",
       "      <th>Iou_score</th>\n",
       "      <th>F1_score</th>\n",
       "    </tr>\n",
       "  </thead>\n",
       "  <tbody>\n",
       "    <tr>\n",
       "      <th>14</th>\n",
       "      <td>inceptionv3</td>\n",
       "      <td>Unet</td>\n",
       "      <td>8913.769664</td>\n",
       "      <td>0.443069</td>\n",
       "      <td>0.527323</td>\n",
       "      <td>0.60329</td>\n",
       "    </tr>\n",
       "    <tr>\n",
       "      <th>5</th>\n",
       "      <td>resnet50</td>\n",
       "      <td>FPN</td>\n",
       "      <td>5574.922504</td>\n",
       "      <td>0.429762</td>\n",
       "      <td>0.536333</td>\n",
       "      <td>0.61278</td>\n",
       "    </tr>\n",
       "    <tr>\n",
       "      <th>13</th>\n",
       "      <td>efficientnetb3</td>\n",
       "      <td>FPN</td>\n",
       "      <td>5052.327916</td>\n",
       "      <td>0.428663</td>\n",
       "      <td>0.537585</td>\n",
       "      <td>0.61721</td>\n",
       "    </tr>\n",
       "    <tr>\n",
       "      <th>6</th>\n",
       "      <td>vgg16</td>\n",
       "      <td>FPN</td>\n",
       "      <td>4756.101279</td>\n",
       "      <td>0.424975</td>\n",
       "      <td>0.544290</td>\n",
       "      <td>0.62030</td>\n",
       "    </tr>\n",
       "    <tr>\n",
       "      <th>7</th>\n",
       "      <td>vgg16</td>\n",
       "      <td>Unet</td>\n",
       "      <td>4716.292528</td>\n",
       "      <td>0.450795</td>\n",
       "      <td>0.524129</td>\n",
       "      <td>0.60033</td>\n",
       "    </tr>\n",
       "    <tr>\n",
       "      <th>11</th>\n",
       "      <td>inceptionv3</td>\n",
       "      <td>FPN</td>\n",
       "      <td>4416.651027</td>\n",
       "      <td>0.433190</td>\n",
       "      <td>0.534531</td>\n",
       "      <td>0.60840</td>\n",
       "    </tr>\n",
       "    <tr>\n",
       "      <th>12</th>\n",
       "      <td>efficientnetb3</td>\n",
       "      <td>Unet</td>\n",
       "      <td>3795.621106</td>\n",
       "      <td>0.429767</td>\n",
       "      <td>0.537205</td>\n",
       "      <td>0.61505</td>\n",
       "    </tr>\n",
       "    <tr>\n",
       "      <th>4</th>\n",
       "      <td>vgg16</td>\n",
       "      <td>Linknet</td>\n",
       "      <td>3602.742987</td>\n",
       "      <td>0.486155</td>\n",
       "      <td>0.494493</td>\n",
       "      <td>0.56666</td>\n",
       "    </tr>\n",
       "    <tr>\n",
       "      <th>10</th>\n",
       "      <td>mobilenetv2</td>\n",
       "      <td>FPN</td>\n",
       "      <td>3336.091649</td>\n",
       "      <td>0.434233</td>\n",
       "      <td>0.532188</td>\n",
       "      <td>0.60894</td>\n",
       "    </tr>\n",
       "    <tr>\n",
       "      <th>1</th>\n",
       "      <td>efficientnetb3</td>\n",
       "      <td>Linknet</td>\n",
       "      <td>3015.350176</td>\n",
       "      <td>0.447298</td>\n",
       "      <td>0.521443</td>\n",
       "      <td>0.59888</td>\n",
       "    </tr>\n",
       "    <tr>\n",
       "      <th>8</th>\n",
       "      <td>resnet50</td>\n",
       "      <td>Unet</td>\n",
       "      <td>2754.380667</td>\n",
       "      <td>0.436002</td>\n",
       "      <td>0.532806</td>\n",
       "      <td>0.61009</td>\n",
       "    </tr>\n",
       "    <tr>\n",
       "      <th>3</th>\n",
       "      <td>resnet50</td>\n",
       "      <td>Linknet</td>\n",
       "      <td>2392.091974</td>\n",
       "      <td>0.442126</td>\n",
       "      <td>0.526585</td>\n",
       "      <td>0.60407</td>\n",
       "    </tr>\n",
       "    <tr>\n",
       "      <th>2</th>\n",
       "      <td>inceptionv3</td>\n",
       "      <td>Linknet</td>\n",
       "      <td>2318.630428</td>\n",
       "      <td>0.455518</td>\n",
       "      <td>0.515724</td>\n",
       "      <td>0.58985</td>\n",
       "    </tr>\n",
       "    <tr>\n",
       "      <th>0</th>\n",
       "      <td>mobilenetv2</td>\n",
       "      <td>Linknet</td>\n",
       "      <td>2178.946642</td>\n",
       "      <td>0.465985</td>\n",
       "      <td>0.509271</td>\n",
       "      <td>0.58436</td>\n",
       "    </tr>\n",
       "    <tr>\n",
       "      <th>9</th>\n",
       "      <td>mobilenetv2</td>\n",
       "      <td>Unet</td>\n",
       "      <td>2111.109734</td>\n",
       "      <td>0.441323</td>\n",
       "      <td>0.526182</td>\n",
       "      <td>0.60400</td>\n",
       "    </tr>\n",
       "  </tbody>\n",
       "</table>\n",
       "</div>"
      ],
      "text/plain": [
       "          backbone    model  Time_training      loss  Iou_score  F1_score\n",
       "14     inceptionv3     Unet    8913.769664  0.443069   0.527323   0.60329\n",
       "5         resnet50      FPN    5574.922504  0.429762   0.536333   0.61278\n",
       "13  efficientnetb3      FPN    5052.327916  0.428663   0.537585   0.61721\n",
       "6            vgg16      FPN    4756.101279  0.424975   0.544290   0.62030\n",
       "7            vgg16     Unet    4716.292528  0.450795   0.524129   0.60033\n",
       "11     inceptionv3      FPN    4416.651027  0.433190   0.534531   0.60840\n",
       "12  efficientnetb3     Unet    3795.621106  0.429767   0.537205   0.61505\n",
       "4            vgg16  Linknet    3602.742987  0.486155   0.494493   0.56666\n",
       "10     mobilenetv2      FPN    3336.091649  0.434233   0.532188   0.60894\n",
       "1   efficientnetb3  Linknet    3015.350176  0.447298   0.521443   0.59888\n",
       "8         resnet50     Unet    2754.380667  0.436002   0.532806   0.61009\n",
       "3         resnet50  Linknet    2392.091974  0.442126   0.526585   0.60407\n",
       "2      inceptionv3  Linknet    2318.630428  0.455518   0.515724   0.58985\n",
       "0      mobilenetv2  Linknet    2178.946642  0.465985   0.509271   0.58436\n",
       "9      mobilenetv2     Unet    2111.109734  0.441323   0.526182   0.60400"
      ]
     },
     "execution_count": 260,
     "metadata": {},
     "output_type": "execute_result"
    }
   ],
   "source": [
    "df.sort_values('Time_training',axis = 0,ascending=False)"
   ]
  },
  {
   "cell_type": "code",
   "execution_count": 254,
   "id": "d10d3112",
   "metadata": {},
   "outputs": [
    {
     "data": {
